(kicad_pcb (version 20171130) (host pcbnew 5.1.2-f72e74a~84~ubuntu18.04.1)

  (general
    (thickness 0.8)
    (drawings 10)
    (tracks 0)
    (zones 0)
    (modules 21)
    (nets 25)
  )

  (page A4)
  (layers
    (0 F.Cu signal)
    (31 B.Cu signal)
    (32 B.Adhes user hide)
    (33 F.Adhes user hide)
    (34 B.Paste user hide)
    (35 F.Paste user hide)
    (36 B.SilkS user)
    (37 F.SilkS user)
    (38 B.Mask user hide)
    (39 F.Mask user hide)
    (40 Dwgs.User user hide)
    (41 Cmts.User user hide)
    (42 Eco1.User user hide)
    (43 Eco2.User user hide)
    (44 Edge.Cuts user)
    (45 Margin user hide)
    (46 B.CrtYd user hide)
    (47 F.CrtYd user hide)
    (48 B.Fab user hide)
    (49 F.Fab user hide)
  )

  (setup
    (last_trace_width 0.15)
    (user_trace_width 0.15)
    (user_trace_width 0.2)
    (user_trace_width 0.3)
    (user_trace_width 0.4)
    (user_trace_width 0.5)
    (user_trace_width 0.7)
    (user_trace_width 0.8)
    (user_trace_width 1)
    (trace_clearance 0.15)
    (zone_clearance 0.508)
    (zone_45_only no)
    (trace_min 0.15)
    (via_size 0.6)
    (via_drill 0.3)
    (via_min_size 0.6)
    (via_min_drill 0.3)
    (blind_buried_vias_allowed yes)
    (uvia_size 0.6)
    (uvia_drill 0.3)
    (uvias_allowed yes)
    (uvia_min_size 0.6)
    (uvia_min_drill 0.3)
    (edge_width 0.05)
    (segment_width 0.15)
    (pcb_text_width 0.3)
    (pcb_text_size 1.5 1.5)
    (mod_edge_width 0.12)
    (mod_text_size 1 1)
    (mod_text_width 0.15)
    (pad_size 1.524 1.524)
    (pad_drill 0.762)
    (pad_to_mask_clearance 0.051)
    (solder_mask_min_width 0.25)
    (aux_axis_origin 197 107)
    (grid_origin 190 110)
    (visible_elements FFFFFF7F)
    (pcbplotparams
      (layerselection 0x010fc_ffffffff)
      (usegerberextensions false)
      (usegerberattributes false)
      (usegerberadvancedattributes false)
      (creategerberjobfile false)
      (excludeedgelayer true)
      (linewidth 0.100000)
      (plotframeref false)
      (viasonmask false)
      (mode 1)
      (useauxorigin false)
      (hpglpennumber 1)
      (hpglpenspeed 20)
      (hpglpendiameter 15.000000)
      (psnegative false)
      (psa4output false)
      (plotreference true)
      (plotvalue true)
      (plotinvisibletext false)
      (padsonsilk false)
      (subtractmaskfromsilk true)
      (outputformat 1)
      (mirror false)
      (drillshape 0)
      (scaleselection 1)
      (outputdirectory "/home/l/projects/ChiptunePlayer-3.33/board/keyboard/keyboard/gerber/"))
  )

  (net 0 "")
  (net 1 GND)
  (net 2 /RESET)
  (net 3 /XTAL1)
  (net 4 /XTAL2)
  (net 5 +5V)
  (net 6 /BC0)
  (net 7 "Net-(D1-Pad2)")
  (net 8 "Net-(D2-Pad2)")
  (net 9 /BC1)
  (net 10 /BC2)
  (net 11 "Net-(D3-Pad2)")
  (net 12 "Net-(D4-Pad2)")
  (net 13 /BC3)
  (net 14 /BC4)
  (net 15 "Net-(D5-Pad2)")
  (net 16 /TX)
  (net 17 /MISO)
  (net 18 /SCK)
  (net 19 /MOSI)
  (net 20 /BR0)
  (net 21 /BR1)
  (net 22 /BR2)
  (net 23 /BR3)
  (net 24 /BR4)

  (net_class Default "Это класс цепей по умолчанию."
    (clearance 0.15)
    (trace_width 0.15)
    (via_dia 0.6)
    (via_drill 0.3)
    (uvia_dia 0.6)
    (uvia_drill 0.3)
    (diff_pair_width 0.15)
    (diff_pair_gap 0.15)
    (add_net +5V)
    (add_net /BC0)
    (add_net /BC1)
    (add_net /BC2)
    (add_net /BC3)
    (add_net /BC4)
    (add_net /BR0)
    (add_net /BR1)
    (add_net /BR2)
    (add_net /BR3)
    (add_net /BR4)
    (add_net /MISO)
    (add_net /MOSI)
    (add_net /RESET)
    (add_net /SCK)
    (add_net /TX)
    (add_net /XTAL1)
    (add_net /XTAL2)
    (add_net GND)
    (add_net "Net-(D1-Pad2)")
    (add_net "Net-(D2-Pad2)")
    (add_net "Net-(D3-Pad2)")
    (add_net "Net-(D4-Pad2)")
    (add_net "Net-(D5-Pad2)")
  )

  (module Capacitor_SMD:C_0805_2012Metric_Pad1.15x1.40mm_HandSolder (layer F.Cu) (tedit 5B36C52B) (tstamp 5D08C224)
    (at 210.9 102.1)
    (descr "Capacitor SMD 0805 (2012 Metric), square (rectangular) end terminal, IPC_7351 nominal with elongated pad for handsoldering. (Body size source: https://docs.google.com/spreadsheets/d/1BsfQQcO9C6DZCsRaXUlFlo91Tg2WpOkGARC1WS5S8t0/edit?usp=sharing), generated with kicad-footprint-generator")
    (tags "capacitor handsolder")
    (path /5D0DF9BE)
    (attr smd)
    (fp_text reference C1 (at 2.8 0) (layer F.SilkS)
      (effects (font (size 1 1) (thickness 0.15)))
    )
    (fp_text value "0.1 мкФ" (at 0 1.65) (layer F.Fab)
      (effects (font (size 1 1) (thickness 0.15)))
    )
    (fp_text user %R (at 0 0) (layer F.Fab)
      (effects (font (size 0.5 0.5) (thickness 0.08)))
    )
    (fp_line (start 1.85 0.95) (end -1.85 0.95) (layer F.CrtYd) (width 0.05))
    (fp_line (start 1.85 -0.95) (end 1.85 0.95) (layer F.CrtYd) (width 0.05))
    (fp_line (start -1.85 -0.95) (end 1.85 -0.95) (layer F.CrtYd) (width 0.05))
    (fp_line (start -1.85 0.95) (end -1.85 -0.95) (layer F.CrtYd) (width 0.05))
    (fp_line (start -0.261252 0.71) (end 0.261252 0.71) (layer F.SilkS) (width 0.12))
    (fp_line (start -0.261252 -0.71) (end 0.261252 -0.71) (layer F.SilkS) (width 0.12))
    (fp_line (start 1 0.6) (end -1 0.6) (layer F.Fab) (width 0.1))
    (fp_line (start 1 -0.6) (end 1 0.6) (layer F.Fab) (width 0.1))
    (fp_line (start -1 -0.6) (end 1 -0.6) (layer F.Fab) (width 0.1))
    (fp_line (start -1 0.6) (end -1 -0.6) (layer F.Fab) (width 0.1))
    (pad 2 smd roundrect (at 1.025 0) (size 1.15 1.4) (layers F.Cu F.Paste F.Mask) (roundrect_rratio 0.217391)
      (net 1 GND))
    (pad 1 smd roundrect (at -1.025 0) (size 1.15 1.4) (layers F.Cu F.Paste F.Mask) (roundrect_rratio 0.217391)
      (net 2 /RESET))
    (model ${KISYS3DMOD}/Capacitor_SMD.3dshapes/C_0805_2012Metric.wrl
      (at (xyz 0 0 0))
      (scale (xyz 1 1 1))
      (rotate (xyz 0 0 0))
    )
  )

  (module Capacitor_SMD:C_0805_2012Metric_Pad1.15x1.40mm_HandSolder (layer F.Cu) (tedit 5B36C52B) (tstamp 5D08C235)
    (at 217.3 95.3 270)
    (descr "Capacitor SMD 0805 (2012 Metric), square (rectangular) end terminal, IPC_7351 nominal with elongated pad for handsoldering. (Body size source: https://docs.google.com/spreadsheets/d/1BsfQQcO9C6DZCsRaXUlFlo91Tg2WpOkGARC1WS5S8t0/edit?usp=sharing), generated with kicad-footprint-generator")
    (tags "capacitor handsolder")
    (path /5D0895FE)
    (attr smd)
    (fp_text reference C2 (at 2.6 -0.1 180) (layer F.SilkS)
      (effects (font (size 1 1) (thickness 0.15)))
    )
    (fp_text value "22 пФ" (at 0 1.65 90) (layer F.Fab)
      (effects (font (size 1 1) (thickness 0.15)))
    )
    (fp_line (start -1 0.6) (end -1 -0.6) (layer F.Fab) (width 0.1))
    (fp_line (start -1 -0.6) (end 1 -0.6) (layer F.Fab) (width 0.1))
    (fp_line (start 1 -0.6) (end 1 0.6) (layer F.Fab) (width 0.1))
    (fp_line (start 1 0.6) (end -1 0.6) (layer F.Fab) (width 0.1))
    (fp_line (start -0.261252 -0.71) (end 0.261252 -0.71) (layer F.SilkS) (width 0.12))
    (fp_line (start -0.261252 0.71) (end 0.261252 0.71) (layer F.SilkS) (width 0.12))
    (fp_line (start -1.85 0.95) (end -1.85 -0.95) (layer F.CrtYd) (width 0.05))
    (fp_line (start -1.85 -0.95) (end 1.85 -0.95) (layer F.CrtYd) (width 0.05))
    (fp_line (start 1.85 -0.95) (end 1.85 0.95) (layer F.CrtYd) (width 0.05))
    (fp_line (start 1.85 0.95) (end -1.85 0.95) (layer F.CrtYd) (width 0.05))
    (fp_text user %R (at 0 0 90) (layer F.Fab)
      (effects (font (size 0.5 0.5) (thickness 0.08)))
    )
    (pad 1 smd roundrect (at -1.025 0 270) (size 1.15 1.4) (layers F.Cu F.Paste F.Mask) (roundrect_rratio 0.217391)
      (net 3 /XTAL1))
    (pad 2 smd roundrect (at 1.025 0 270) (size 1.15 1.4) (layers F.Cu F.Paste F.Mask) (roundrect_rratio 0.217391)
      (net 1 GND))
    (model ${KISYS3DMOD}/Capacitor_SMD.3dshapes/C_0805_2012Metric.wrl
      (at (xyz 0 0 0))
      (scale (xyz 1 1 1))
      (rotate (xyz 0 0 0))
    )
  )

  (module Capacitor_SMD:C_0805_2012Metric_Pad1.15x1.40mm_HandSolder (layer F.Cu) (tedit 5B36C52B) (tstamp 5D08C246)
    (at 212.7 99)
    (descr "Capacitor SMD 0805 (2012 Metric), square (rectangular) end terminal, IPC_7351 nominal with elongated pad for handsoldering. (Body size source: https://docs.google.com/spreadsheets/d/1BsfQQcO9C6DZCsRaXUlFlo91Tg2WpOkGARC1WS5S8t0/edit?usp=sharing), generated with kicad-footprint-generator")
    (tags "capacitor handsolder")
    (path /5D089166)
    (attr smd)
    (fp_text reference C3 (at 2.8 0.1) (layer F.SilkS)
      (effects (font (size 1 1) (thickness 0.15)))
    )
    (fp_text value "22 пФ" (at 0 1.65) (layer F.Fab)
      (effects (font (size 1 1) (thickness 0.15)))
    )
    (fp_text user %R (at 0 0) (layer F.Fab)
      (effects (font (size 0.5 0.5) (thickness 0.08)))
    )
    (fp_line (start 1.85 0.95) (end -1.85 0.95) (layer F.CrtYd) (width 0.05))
    (fp_line (start 1.85 -0.95) (end 1.85 0.95) (layer F.CrtYd) (width 0.05))
    (fp_line (start -1.85 -0.95) (end 1.85 -0.95) (layer F.CrtYd) (width 0.05))
    (fp_line (start -1.85 0.95) (end -1.85 -0.95) (layer F.CrtYd) (width 0.05))
    (fp_line (start -0.261252 0.71) (end 0.261252 0.71) (layer F.SilkS) (width 0.12))
    (fp_line (start -0.261252 -0.71) (end 0.261252 -0.71) (layer F.SilkS) (width 0.12))
    (fp_line (start 1 0.6) (end -1 0.6) (layer F.Fab) (width 0.1))
    (fp_line (start 1 -0.6) (end 1 0.6) (layer F.Fab) (width 0.1))
    (fp_line (start -1 -0.6) (end 1 -0.6) (layer F.Fab) (width 0.1))
    (fp_line (start -1 0.6) (end -1 -0.6) (layer F.Fab) (width 0.1))
    (pad 2 smd roundrect (at 1.025 0) (size 1.15 1.4) (layers F.Cu F.Paste F.Mask) (roundrect_rratio 0.217391)
      (net 1 GND))
    (pad 1 smd roundrect (at -1.025 0) (size 1.15 1.4) (layers F.Cu F.Paste F.Mask) (roundrect_rratio 0.217391)
      (net 4 /XTAL2))
    (model ${KISYS3DMOD}/Capacitor_SMD.3dshapes/C_0805_2012Metric.wrl
      (at (xyz 0 0 0))
      (scale (xyz 1 1 1))
      (rotate (xyz 0 0 0))
    )
  )

  (module Capacitor_Tantalum_SMD:CP_EIA-3216-18_Kemet-A_Pad1.58x1.35mm_HandSolder (layer B.Cu) (tedit 5B301BBE) (tstamp 5D08C259)
    (at 217.9 101.8)
    (descr "Tantalum Capacitor SMD Kemet-A (3216-18 Metric), IPC_7351 nominal, (Body size from: http://www.kemet.com/Lists/ProductCatalog/Attachments/253/KEM_TC101_STD.pdf), generated with kicad-footprint-generator")
    (tags "capacitor tantalum")
    (path /5D15526C)
    (attr smd)
    (fp_text reference C4 (at -1.6 -1.7) (layer B.SilkS)
      (effects (font (size 1 1) (thickness 0.15)) (justify mirror))
    )
    (fp_text value "10 мкФ" (at 0 -1.75) (layer B.Fab)
      (effects (font (size 1 1) (thickness 0.15)) (justify mirror))
    )
    (fp_line (start 1.6 0.8) (end -1.2 0.8) (layer B.Fab) (width 0.1))
    (fp_line (start -1.2 0.8) (end -1.6 0.4) (layer B.Fab) (width 0.1))
    (fp_line (start -1.6 0.4) (end -1.6 -0.8) (layer B.Fab) (width 0.1))
    (fp_line (start -1.6 -0.8) (end 1.6 -0.8) (layer B.Fab) (width 0.1))
    (fp_line (start 1.6 -0.8) (end 1.6 0.8) (layer B.Fab) (width 0.1))
    (fp_line (start 1.6 0.935) (end -2.485 0.935) (layer B.SilkS) (width 0.12))
    (fp_line (start -2.485 0.935) (end -2.485 -0.935) (layer B.SilkS) (width 0.12))
    (fp_line (start -2.485 -0.935) (end 1.6 -0.935) (layer B.SilkS) (width 0.12))
    (fp_line (start -2.48 -1.05) (end -2.48 1.05) (layer B.CrtYd) (width 0.05))
    (fp_line (start -2.48 1.05) (end 2.48 1.05) (layer B.CrtYd) (width 0.05))
    (fp_line (start 2.48 1.05) (end 2.48 -1.05) (layer B.CrtYd) (width 0.05))
    (fp_line (start 2.48 -1.05) (end -2.48 -1.05) (layer B.CrtYd) (width 0.05))
    (fp_text user %R (at 0 0) (layer B.Fab)
      (effects (font (size 0.8 0.8) (thickness 0.12)) (justify mirror))
    )
    (pad 1 smd roundrect (at -1.4375 0) (size 1.575 1.35) (layers B.Cu B.Paste B.Mask) (roundrect_rratio 0.185185)
      (net 5 +5V))
    (pad 2 smd roundrect (at 1.4375 0) (size 1.575 1.35) (layers B.Cu B.Paste B.Mask) (roundrect_rratio 0.185185)
      (net 1 GND))
    (model ${KISYS3DMOD}/Capacitor_Tantalum_SMD.3dshapes/CP_EIA-3216-18_Kemet-A.wrl
      (at (xyz 0 0 0))
      (scale (xyz 1 1 1))
      (rotate (xyz 0 0 0))
    )
  )

  (module Capacitor_SMD:C_0805_2012Metric_Pad1.15x1.40mm_HandSolder (layer B.Cu) (tedit 5B36C52B) (tstamp 5D08C26A)
    (at 214.1 100.8 270)
    (descr "Capacitor SMD 0805 (2012 Metric), square (rectangular) end terminal, IPC_7351 nominal with elongated pad for handsoldering. (Body size source: https://docs.google.com/spreadsheets/d/1BsfQQcO9C6DZCsRaXUlFlo91Tg2WpOkGARC1WS5S8t0/edit?usp=sharing), generated with kicad-footprint-generator")
    (tags "capacitor handsolder")
    (path /5D155F4A)
    (attr smd)
    (fp_text reference C5 (at -2.5 -0.1 180) (layer B.SilkS)
      (effects (font (size 1 1) (thickness 0.15)) (justify mirror))
    )
    (fp_text value "0.1 мкФ" (at 0 -1.65 90) (layer B.Fab)
      (effects (font (size 1 1) (thickness 0.15)) (justify mirror))
    )
    (fp_line (start -1 -0.6) (end -1 0.6) (layer B.Fab) (width 0.1))
    (fp_line (start -1 0.6) (end 1 0.6) (layer B.Fab) (width 0.1))
    (fp_line (start 1 0.6) (end 1 -0.6) (layer B.Fab) (width 0.1))
    (fp_line (start 1 -0.6) (end -1 -0.6) (layer B.Fab) (width 0.1))
    (fp_line (start -0.261252 0.71) (end 0.261252 0.71) (layer B.SilkS) (width 0.12))
    (fp_line (start -0.261252 -0.71) (end 0.261252 -0.71) (layer B.SilkS) (width 0.12))
    (fp_line (start -1.85 -0.95) (end -1.85 0.95) (layer B.CrtYd) (width 0.05))
    (fp_line (start -1.85 0.95) (end 1.85 0.95) (layer B.CrtYd) (width 0.05))
    (fp_line (start 1.85 0.95) (end 1.85 -0.95) (layer B.CrtYd) (width 0.05))
    (fp_line (start 1.85 -0.95) (end -1.85 -0.95) (layer B.CrtYd) (width 0.05))
    (fp_text user %R (at 0 0 90) (layer B.Fab)
      (effects (font (size 0.5 0.5) (thickness 0.08)) (justify mirror))
    )
    (pad 1 smd roundrect (at -1.025 0 270) (size 1.15 1.4) (layers B.Cu B.Paste B.Mask) (roundrect_rratio 0.217391)
      (net 1 GND))
    (pad 2 smd roundrect (at 1.025 0 270) (size 1.15 1.4) (layers B.Cu B.Paste B.Mask) (roundrect_rratio 0.217391)
      (net 5 +5V))
    (model ${KISYS3DMOD}/Capacitor_SMD.3dshapes/C_0805_2012Metric.wrl
      (at (xyz 0 0 0))
      (scale (xyz 1 1 1))
      (rotate (xyz 0 0 0))
    )
  )

  (module Diode_SMD:D_SOD-323_HandSoldering locked (layer B.Cu) (tedit 58641869) (tstamp 5D08C282)
    (at 211.7 90.7 90)
    (descr SOD-323)
    (tags SOD-323)
    (path /5D168C64)
    (attr smd)
    (fp_text reference D1 (at -2.8 0 180) (layer B.SilkS)
      (effects (font (size 1 1) (thickness 0.15)) (justify mirror))
    )
    (fp_text value PESD5V0S1BA (at 0.1 -1.9 90) (layer B.Fab)
      (effects (font (size 1 1) (thickness 0.15)) (justify mirror))
    )
    (fp_text user %R (at 0 1.85 90) (layer B.Fab)
      (effects (font (size 1 1) (thickness 0.15)) (justify mirror))
    )
    (fp_line (start -1.9 0.85) (end -1.9 -0.85) (layer B.SilkS) (width 0.12))
    (fp_line (start 0.2 0) (end 0.45 0) (layer B.Fab) (width 0.1))
    (fp_line (start 0.2 -0.35) (end -0.3 0) (layer B.Fab) (width 0.1))
    (fp_line (start 0.2 0.35) (end 0.2 -0.35) (layer B.Fab) (width 0.1))
    (fp_line (start -0.3 0) (end 0.2 0.35) (layer B.Fab) (width 0.1))
    (fp_line (start -0.3 0) (end -0.5 0) (layer B.Fab) (width 0.1))
    (fp_line (start -0.3 0.35) (end -0.3 -0.35) (layer B.Fab) (width 0.1))
    (fp_line (start -0.9 -0.7) (end -0.9 0.7) (layer B.Fab) (width 0.1))
    (fp_line (start 0.9 -0.7) (end -0.9 -0.7) (layer B.Fab) (width 0.1))
    (fp_line (start 0.9 0.7) (end 0.9 -0.7) (layer B.Fab) (width 0.1))
    (fp_line (start -0.9 0.7) (end 0.9 0.7) (layer B.Fab) (width 0.1))
    (fp_line (start -2 0.95) (end 2 0.95) (layer B.CrtYd) (width 0.05))
    (fp_line (start 2 0.95) (end 2 -0.95) (layer B.CrtYd) (width 0.05))
    (fp_line (start -2 -0.95) (end 2 -0.95) (layer B.CrtYd) (width 0.05))
    (fp_line (start -2 0.95) (end -2 -0.95) (layer B.CrtYd) (width 0.05))
    (fp_line (start -1.9 -0.85) (end 1.25 -0.85) (layer B.SilkS) (width 0.12))
    (fp_line (start -1.9 0.85) (end 1.25 0.85) (layer B.SilkS) (width 0.12))
    (pad 1 smd rect (at -1.25 0 90) (size 1 1) (layers B.Cu B.Paste B.Mask)
      (net 6 /BC0))
    (pad 2 smd rect (at 1.25 0 90) (size 1 1) (layers B.Cu B.Paste B.Mask)
      (net 7 "Net-(D1-Pad2)"))
    (model ${KISYS3DMOD}/Diode_SMD.3dshapes/D_SOD-323.wrl
      (at (xyz 0 0 0))
      (scale (xyz 1 1 1))
      (rotate (xyz 0 0 0))
    )
  )

  (module Diode_SMD:D_SOD-323_HandSoldering locked (layer B.Cu) (tedit 58641869) (tstamp 5D08C29A)
    (at 214.3 90.7 90)
    (descr SOD-323)
    (tags SOD-323)
    (path /5D1692E9)
    (attr smd)
    (fp_text reference D2 (at -2.8 0.1 180) (layer B.SilkS)
      (effects (font (size 1 1) (thickness 0.15)) (justify mirror))
    )
    (fp_text value PESD5V0S1BA (at 0.1 -1.9 90) (layer B.Fab)
      (effects (font (size 1 1) (thickness 0.15)) (justify mirror))
    )
    (fp_line (start -1.9 0.85) (end 1.25 0.85) (layer B.SilkS) (width 0.12))
    (fp_line (start -1.9 -0.85) (end 1.25 -0.85) (layer B.SilkS) (width 0.12))
    (fp_line (start -2 0.95) (end -2 -0.95) (layer B.CrtYd) (width 0.05))
    (fp_line (start -2 -0.95) (end 2 -0.95) (layer B.CrtYd) (width 0.05))
    (fp_line (start 2 0.95) (end 2 -0.95) (layer B.CrtYd) (width 0.05))
    (fp_line (start -2 0.95) (end 2 0.95) (layer B.CrtYd) (width 0.05))
    (fp_line (start -0.9 0.7) (end 0.9 0.7) (layer B.Fab) (width 0.1))
    (fp_line (start 0.9 0.7) (end 0.9 -0.7) (layer B.Fab) (width 0.1))
    (fp_line (start 0.9 -0.7) (end -0.9 -0.7) (layer B.Fab) (width 0.1))
    (fp_line (start -0.9 -0.7) (end -0.9 0.7) (layer B.Fab) (width 0.1))
    (fp_line (start -0.3 0.35) (end -0.3 -0.35) (layer B.Fab) (width 0.1))
    (fp_line (start -0.3 0) (end -0.5 0) (layer B.Fab) (width 0.1))
    (fp_line (start -0.3 0) (end 0.2 0.35) (layer B.Fab) (width 0.1))
    (fp_line (start 0.2 0.35) (end 0.2 -0.35) (layer B.Fab) (width 0.1))
    (fp_line (start 0.2 -0.35) (end -0.3 0) (layer B.Fab) (width 0.1))
    (fp_line (start 0.2 0) (end 0.45 0) (layer B.Fab) (width 0.1))
    (fp_line (start -1.9 0.85) (end -1.9 -0.85) (layer B.SilkS) (width 0.12))
    (fp_text user %R (at 0 1.85 90) (layer B.Fab)
      (effects (font (size 1 1) (thickness 0.15)) (justify mirror))
    )
    (pad 2 smd rect (at 1.25 0 90) (size 1 1) (layers B.Cu B.Paste B.Mask)
      (net 8 "Net-(D2-Pad2)"))
    (pad 1 smd rect (at -1.25 0 90) (size 1 1) (layers B.Cu B.Paste B.Mask)
      (net 9 /BC1))
    (model ${KISYS3DMOD}/Diode_SMD.3dshapes/D_SOD-323.wrl
      (at (xyz 0 0 0))
      (scale (xyz 1 1 1))
      (rotate (xyz 0 0 0))
    )
  )

  (module Diode_SMD:D_SOD-323_HandSoldering locked (layer B.Cu) (tedit 58641869) (tstamp 5D08C2B2)
    (at 216.8 90.7 90)
    (descr SOD-323)
    (tags SOD-323)
    (path /5D169A6D)
    (attr smd)
    (fp_text reference D3 (at -2.8 0 180) (layer B.SilkS)
      (effects (font (size 1 1) (thickness 0.15)) (justify mirror))
    )
    (fp_text value PESD5V0S1BA (at 0.1 -1.9 90) (layer B.Fab)
      (effects (font (size 1 1) (thickness 0.15)) (justify mirror))
    )
    (fp_text user %R (at 0 1.85 90) (layer B.Fab)
      (effects (font (size 1 1) (thickness 0.15)) (justify mirror))
    )
    (fp_line (start -1.9 0.85) (end -1.9 -0.85) (layer B.SilkS) (width 0.12))
    (fp_line (start 0.2 0) (end 0.45 0) (layer B.Fab) (width 0.1))
    (fp_line (start 0.2 -0.35) (end -0.3 0) (layer B.Fab) (width 0.1))
    (fp_line (start 0.2 0.35) (end 0.2 -0.35) (layer B.Fab) (width 0.1))
    (fp_line (start -0.3 0) (end 0.2 0.35) (layer B.Fab) (width 0.1))
    (fp_line (start -0.3 0) (end -0.5 0) (layer B.Fab) (width 0.1))
    (fp_line (start -0.3 0.35) (end -0.3 -0.35) (layer B.Fab) (width 0.1))
    (fp_line (start -0.9 -0.7) (end -0.9 0.7) (layer B.Fab) (width 0.1))
    (fp_line (start 0.9 -0.7) (end -0.9 -0.7) (layer B.Fab) (width 0.1))
    (fp_line (start 0.9 0.7) (end 0.9 -0.7) (layer B.Fab) (width 0.1))
    (fp_line (start -0.9 0.7) (end 0.9 0.7) (layer B.Fab) (width 0.1))
    (fp_line (start -2 0.95) (end 2 0.95) (layer B.CrtYd) (width 0.05))
    (fp_line (start 2 0.95) (end 2 -0.95) (layer B.CrtYd) (width 0.05))
    (fp_line (start -2 -0.95) (end 2 -0.95) (layer B.CrtYd) (width 0.05))
    (fp_line (start -2 0.95) (end -2 -0.95) (layer B.CrtYd) (width 0.05))
    (fp_line (start -1.9 -0.85) (end 1.25 -0.85) (layer B.SilkS) (width 0.12))
    (fp_line (start -1.9 0.85) (end 1.25 0.85) (layer B.SilkS) (width 0.12))
    (pad 1 smd rect (at -1.25 0 90) (size 1 1) (layers B.Cu B.Paste B.Mask)
      (net 10 /BC2))
    (pad 2 smd rect (at 1.25 0 90) (size 1 1) (layers B.Cu B.Paste B.Mask)
      (net 11 "Net-(D3-Pad2)"))
    (model ${KISYS3DMOD}/Diode_SMD.3dshapes/D_SOD-323.wrl
      (at (xyz 0 0 0))
      (scale (xyz 1 1 1))
      (rotate (xyz 0 0 0))
    )
  )

  (module Diode_SMD:D_SOD-323_HandSoldering locked (layer B.Cu) (tedit 58641869) (tstamp 5D08C2CA)
    (at 219.4 90.7 90)
    (descr SOD-323)
    (tags SOD-323)
    (path /5D169F7C)
    (attr smd)
    (fp_text reference D4 (at -2.8 0 180) (layer B.SilkS)
      (effects (font (size 1 1) (thickness 0.15)) (justify mirror))
    )
    (fp_text value PESD5V0S1BA (at 0.1 -1.9 90) (layer B.Fab)
      (effects (font (size 1 1) (thickness 0.15)) (justify mirror))
    )
    (fp_line (start -1.9 0.85) (end 1.25 0.85) (layer B.SilkS) (width 0.12))
    (fp_line (start -1.9 -0.85) (end 1.25 -0.85) (layer B.SilkS) (width 0.12))
    (fp_line (start -2 0.95) (end -2 -0.95) (layer B.CrtYd) (width 0.05))
    (fp_line (start -2 -0.95) (end 2 -0.95) (layer B.CrtYd) (width 0.05))
    (fp_line (start 2 0.95) (end 2 -0.95) (layer B.CrtYd) (width 0.05))
    (fp_line (start -2 0.95) (end 2 0.95) (layer B.CrtYd) (width 0.05))
    (fp_line (start -0.9 0.7) (end 0.9 0.7) (layer B.Fab) (width 0.1))
    (fp_line (start 0.9 0.7) (end 0.9 -0.7) (layer B.Fab) (width 0.1))
    (fp_line (start 0.9 -0.7) (end -0.9 -0.7) (layer B.Fab) (width 0.1))
    (fp_line (start -0.9 -0.7) (end -0.9 0.7) (layer B.Fab) (width 0.1))
    (fp_line (start -0.3 0.35) (end -0.3 -0.35) (layer B.Fab) (width 0.1))
    (fp_line (start -0.3 0) (end -0.5 0) (layer B.Fab) (width 0.1))
    (fp_line (start -0.3 0) (end 0.2 0.35) (layer B.Fab) (width 0.1))
    (fp_line (start 0.2 0.35) (end 0.2 -0.35) (layer B.Fab) (width 0.1))
    (fp_line (start 0.2 -0.35) (end -0.3 0) (layer B.Fab) (width 0.1))
    (fp_line (start 0.2 0) (end 0.45 0) (layer B.Fab) (width 0.1))
    (fp_line (start -1.9 0.85) (end -1.9 -0.85) (layer B.SilkS) (width 0.12))
    (fp_text user %R (at 0 1.85 90) (layer B.Fab)
      (effects (font (size 1 1) (thickness 0.15)) (justify mirror))
    )
    (pad 2 smd rect (at 1.25 0 90) (size 1 1) (layers B.Cu B.Paste B.Mask)
      (net 12 "Net-(D4-Pad2)"))
    (pad 1 smd rect (at -1.25 0 90) (size 1 1) (layers B.Cu B.Paste B.Mask)
      (net 13 /BC3))
    (model ${KISYS3DMOD}/Diode_SMD.3dshapes/D_SOD-323.wrl
      (at (xyz 0 0 0))
      (scale (xyz 1 1 1))
      (rotate (xyz 0 0 0))
    )
  )

  (module Diode_SMD:D_SOD-323_HandSoldering locked (layer B.Cu) (tedit 58641869) (tstamp 5D08C2E2)
    (at 221.9 90.7 270)
    (descr SOD-323)
    (tags SOD-323)
    (path /5D16A16F)
    (attr smd)
    (fp_text reference D5 (at 2.8 0) (layer B.SilkS)
      (effects (font (size 1 1) (thickness 0.15)) (justify mirror))
    )
    (fp_text value PESD5V0S1BA (at 0.1 -1.9 270) (layer B.Fab)
      (effects (font (size 1 1) (thickness 0.15)) (justify mirror))
    )
    (fp_text user %R (at 0 1.85 270) (layer B.Fab)
      (effects (font (size 1 1) (thickness 0.15)) (justify mirror))
    )
    (fp_line (start -1.9 0.85) (end -1.9 -0.85) (layer B.SilkS) (width 0.12))
    (fp_line (start 0.2 0) (end 0.45 0) (layer B.Fab) (width 0.1))
    (fp_line (start 0.2 -0.35) (end -0.3 0) (layer B.Fab) (width 0.1))
    (fp_line (start 0.2 0.35) (end 0.2 -0.35) (layer B.Fab) (width 0.1))
    (fp_line (start -0.3 0) (end 0.2 0.35) (layer B.Fab) (width 0.1))
    (fp_line (start -0.3 0) (end -0.5 0) (layer B.Fab) (width 0.1))
    (fp_line (start -0.3 0.35) (end -0.3 -0.35) (layer B.Fab) (width 0.1))
    (fp_line (start -0.9 -0.7) (end -0.9 0.7) (layer B.Fab) (width 0.1))
    (fp_line (start 0.9 -0.7) (end -0.9 -0.7) (layer B.Fab) (width 0.1))
    (fp_line (start 0.9 0.7) (end 0.9 -0.7) (layer B.Fab) (width 0.1))
    (fp_line (start -0.9 0.7) (end 0.9 0.7) (layer B.Fab) (width 0.1))
    (fp_line (start -2 0.95) (end 2 0.95) (layer B.CrtYd) (width 0.05))
    (fp_line (start 2 0.95) (end 2 -0.95) (layer B.CrtYd) (width 0.05))
    (fp_line (start -2 -0.95) (end 2 -0.95) (layer B.CrtYd) (width 0.05))
    (fp_line (start -2 0.95) (end -2 -0.95) (layer B.CrtYd) (width 0.05))
    (fp_line (start -1.9 -0.85) (end 1.25 -0.85) (layer B.SilkS) (width 0.12))
    (fp_line (start -1.9 0.85) (end 1.25 0.85) (layer B.SilkS) (width 0.12))
    (pad 1 smd rect (at -1.25 0 270) (size 1 1) (layers B.Cu B.Paste B.Mask)
      (net 14 /BC4))
    (pad 2 smd rect (at 1.25 0 270) (size 1 1) (layers B.Cu B.Paste B.Mask)
      (net 15 "Net-(D5-Pad2)"))
    (model ${KISYS3DMOD}/Diode_SMD.3dshapes/D_SOD-323.wrl
      (at (xyz 0 0 0))
      (scale (xyz 1 1 1))
      (rotate (xyz 0 0 0))
    )
  )

  (module Connector_PinHeader_2.54mm:PinHeader_1x03_P2.54mm_Vertical locked (layer F.Cu) (tedit 59FED5CC) (tstamp 5D08CCB4)
    (at 216.46 104.5 90)
    (descr "Through hole straight pin header, 1x03, 2.54mm pitch, single row")
    (tags "Through hole pin header THT 1x03 2.54mm single row")
    (path /5D0AB46C)
    (fp_text reference J1 (at 2.2 5.64 180) (layer F.SilkS)
      (effects (font (size 1 1) (thickness 0.15)))
    )
    (fp_text value DATA (at 0 7.41 90) (layer F.Fab)
      (effects (font (size 1 1) (thickness 0.15)))
    )
    (fp_line (start -0.635 -1.27) (end 1.27 -1.27) (layer F.Fab) (width 0.1))
    (fp_line (start 1.27 -1.27) (end 1.27 6.35) (layer F.Fab) (width 0.1))
    (fp_line (start 1.27 6.35) (end -1.27 6.35) (layer F.Fab) (width 0.1))
    (fp_line (start -1.27 6.35) (end -1.27 -0.635) (layer F.Fab) (width 0.1))
    (fp_line (start -1.27 -0.635) (end -0.635 -1.27) (layer F.Fab) (width 0.1))
    (fp_line (start -1.33 6.41) (end 1.33 6.41) (layer F.SilkS) (width 0.12))
    (fp_line (start -1.33 1.27) (end -1.33 6.41) (layer F.SilkS) (width 0.12))
    (fp_line (start 1.33 1.27) (end 1.33 6.41) (layer F.SilkS) (width 0.12))
    (fp_line (start -1.33 1.27) (end 1.33 1.27) (layer F.SilkS) (width 0.12))
    (fp_line (start -1.33 0) (end -1.33 -1.33) (layer F.SilkS) (width 0.12))
    (fp_line (start -1.33 -1.33) (end 0 -1.33) (layer F.SilkS) (width 0.12))
    (fp_line (start -1.8 -1.8) (end -1.8 6.85) (layer F.CrtYd) (width 0.05))
    (fp_line (start -1.8 6.85) (end 1.8 6.85) (layer F.CrtYd) (width 0.05))
    (fp_line (start 1.8 6.85) (end 1.8 -1.8) (layer F.CrtYd) (width 0.05))
    (fp_line (start 1.8 -1.8) (end -1.8 -1.8) (layer F.CrtYd) (width 0.05))
    (fp_text user %R (at 0 2.54) (layer F.Fab)
      (effects (font (size 1 1) (thickness 0.15)))
    )
    (pad 1 thru_hole rect (at 0 0 90) (size 1.7 1.7) (drill 1) (layers *.Cu *.Mask)
      (net 5 +5V))
    (pad 2 thru_hole oval (at 0 2.54 90) (size 1.7 1.7) (drill 1) (layers *.Cu *.Mask)
      (net 16 /TX))
    (pad 3 thru_hole oval (at 0 5.08 90) (size 1.7 1.7) (drill 1) (layers *.Cu *.Mask)
      (net 1 GND))
    (model ${KISYS3DMOD}/Connector_PinHeader_2.54mm.3dshapes/PinHeader_1x03_P2.54mm_Vertical.wrl
      (at (xyz 0 0 0))
      (scale (xyz 1 1 1))
      (rotate (xyz 0 0 0))
    )
  )

  (module Connector_PinHeader_2.54mm:PinHeader_1x06_P2.54mm_Vertical locked (layer F.Cu) (tedit 59FED5CC) (tstamp 5D08C313)
    (at 211.54 104.5 270)
    (descr "Through hole straight pin header, 1x06, 2.54mm pitch, single row")
    (tags "Through hole pin header THT 1x06 2.54mm single row")
    (path /5D0F8757)
    (fp_text reference J2 (at 0.1 -2.26 90) (layer F.SilkS)
      (effects (font (size 1 1) (thickness 0.15)))
    )
    (fp_text value AVR-ISP-6 (at 0 15.03 90) (layer F.Fab)
      (effects (font (size 1 1) (thickness 0.15)))
    )
    (fp_line (start -0.635 -1.27) (end 1.27 -1.27) (layer F.Fab) (width 0.1))
    (fp_line (start 1.27 -1.27) (end 1.27 13.97) (layer F.Fab) (width 0.1))
    (fp_line (start 1.27 13.97) (end -1.27 13.97) (layer F.Fab) (width 0.1))
    (fp_line (start -1.27 13.97) (end -1.27 -0.635) (layer F.Fab) (width 0.1))
    (fp_line (start -1.27 -0.635) (end -0.635 -1.27) (layer F.Fab) (width 0.1))
    (fp_line (start -1.33 14.03) (end 1.33 14.03) (layer F.SilkS) (width 0.12))
    (fp_line (start -1.33 1.27) (end -1.33 14.03) (layer F.SilkS) (width 0.12))
    (fp_line (start 1.33 1.27) (end 1.33 14.03) (layer F.SilkS) (width 0.12))
    (fp_line (start -1.33 1.27) (end 1.33 1.27) (layer F.SilkS) (width 0.12))
    (fp_line (start -1.33 0) (end -1.33 -1.33) (layer F.SilkS) (width 0.12))
    (fp_line (start -1.33 -1.33) (end 0 -1.33) (layer F.SilkS) (width 0.12))
    (fp_line (start -1.8 -1.8) (end -1.8 14.5) (layer F.CrtYd) (width 0.05))
    (fp_line (start -1.8 14.5) (end 1.8 14.5) (layer F.CrtYd) (width 0.05))
    (fp_line (start 1.8 14.5) (end 1.8 -1.8) (layer F.CrtYd) (width 0.05))
    (fp_line (start 1.8 -1.8) (end -1.8 -1.8) (layer F.CrtYd) (width 0.05))
    (fp_text user %R (at 0 6.35) (layer F.Fab)
      (effects (font (size 1 1) (thickness 0.15)))
    )
    (pad 1 thru_hole rect (at 0 0 270) (size 1.7 1.7) (drill 1) (layers *.Cu *.Mask)
      (net 17 /MISO))
    (pad 2 thru_hole oval (at 0 2.54 270) (size 1.7 1.7) (drill 1) (layers *.Cu *.Mask)
      (net 5 +5V))
    (pad 3 thru_hole oval (at 0 5.08 270) (size 1.7 1.7) (drill 1) (layers *.Cu *.Mask)
      (net 18 /SCK))
    (pad 4 thru_hole oval (at 0 7.62 270) (size 1.7 1.7) (drill 1) (layers *.Cu *.Mask)
      (net 19 /MOSI))
    (pad 5 thru_hole oval (at 0 10.16 270) (size 1.7 1.7) (drill 1) (layers *.Cu *.Mask)
      (net 2 /RESET))
    (pad 6 thru_hole oval (at 0 12.7 270) (size 1.7 1.7) (drill 1) (layers *.Cu *.Mask)
      (net 1 GND))
    (model ${KISYS3DMOD}/Connector_PinHeader_2.54mm.3dshapes/PinHeader_1x06_P2.54mm_Vertical.wrl
      (at (xyz 0 0 0))
      (scale (xyz 1 1 1))
      (rotate (xyz 0 0 0))
    )
  )

  (module Connector_PinHeader_2.54mm:PinHeader_1x10_P2.54mm_Vertical locked (layer F.Cu) (tedit 59FED5CC) (tstamp 5D08C7B6)
    (at 199 87 90)
    (descr "Through hole straight pin header, 1x10, 2.54mm pitch, single row")
    (tags "Through hole pin header THT 1x10 2.54mm single row")
    (path /5D0ABBD5)
    (fp_text reference J3 (at -2.3 23.5) (layer F.SilkS)
      (effects (font (size 1 1) (thickness 0.15)))
    )
    (fp_text value KEYBOARD (at 0 25.19 90) (layer F.Fab)
      (effects (font (size 1 1) (thickness 0.15)))
    )
    (fp_line (start -0.635 -1.27) (end 1.27 -1.27) (layer F.Fab) (width 0.1))
    (fp_line (start 1.27 -1.27) (end 1.27 24.13) (layer F.Fab) (width 0.1))
    (fp_line (start 1.27 24.13) (end -1.27 24.13) (layer F.Fab) (width 0.1))
    (fp_line (start -1.27 24.13) (end -1.27 -0.635) (layer F.Fab) (width 0.1))
    (fp_line (start -1.27 -0.635) (end -0.635 -1.27) (layer F.Fab) (width 0.1))
    (fp_line (start -1.33 24.19) (end 1.33 24.19) (layer F.SilkS) (width 0.12))
    (fp_line (start -1.33 1.27) (end -1.33 24.19) (layer F.SilkS) (width 0.12))
    (fp_line (start 1.33 1.27) (end 1.33 24.19) (layer F.SilkS) (width 0.12))
    (fp_line (start -1.33 1.27) (end 1.33 1.27) (layer F.SilkS) (width 0.12))
    (fp_line (start -1.33 0) (end -1.33 -1.33) (layer F.SilkS) (width 0.12))
    (fp_line (start -1.33 -1.33) (end 0 -1.33) (layer F.SilkS) (width 0.12))
    (fp_line (start -1.8 -1.8) (end -1.8 24.65) (layer F.CrtYd) (width 0.05))
    (fp_line (start -1.8 24.65) (end 1.8 24.65) (layer F.CrtYd) (width 0.05))
    (fp_line (start 1.8 24.65) (end 1.8 -1.8) (layer F.CrtYd) (width 0.05))
    (fp_line (start 1.8 -1.8) (end -1.8 -1.8) (layer F.CrtYd) (width 0.05))
    (fp_text user %R (at 0 11.43) (layer F.Fab)
      (effects (font (size 1 1) (thickness 0.15)))
    )
    (pad 1 thru_hole rect (at 0 0 90) (size 1.7 1.7) (drill 1) (layers *.Cu *.Mask)
      (net 20 /BR0))
    (pad 2 thru_hole oval (at 0 2.54 90) (size 1.7 1.7) (drill 1) (layers *.Cu *.Mask)
      (net 21 /BR1))
    (pad 3 thru_hole oval (at 0 5.08 90) (size 1.7 1.7) (drill 1) (layers *.Cu *.Mask)
      (net 22 /BR2))
    (pad 4 thru_hole oval (at 0 7.62 90) (size 1.7 1.7) (drill 1) (layers *.Cu *.Mask)
      (net 23 /BR3))
    (pad 5 thru_hole oval (at 0 10.16 90) (size 1.7 1.7) (drill 1) (layers *.Cu *.Mask)
      (net 24 /BR4))
    (pad 6 thru_hole oval (at 0 12.7 90) (size 1.7 1.7) (drill 1) (layers *.Cu *.Mask)
      (net 7 "Net-(D1-Pad2)"))
    (pad 7 thru_hole oval (at 0 15.24 90) (size 1.7 1.7) (drill 1) (layers *.Cu *.Mask)
      (net 8 "Net-(D2-Pad2)"))
    (pad 8 thru_hole oval (at 0 17.78 90) (size 1.7 1.7) (drill 1) (layers *.Cu *.Mask)
      (net 11 "Net-(D3-Pad2)"))
    (pad 9 thru_hole oval (at 0 20.32 90) (size 1.7 1.7) (drill 1) (layers *.Cu *.Mask)
      (net 12 "Net-(D4-Pad2)"))
    (pad 10 thru_hole oval (at 0 22.86 90) (size 1.7 1.7) (drill 1) (layers *.Cu *.Mask)
      (net 15 "Net-(D5-Pad2)"))
    (model ${KISYS3DMOD}/Connector_PinHeader_2.54mm.3dshapes/PinHeader_1x10_P2.54mm_Vertical.wrl
      (at (xyz 0 0 0))
      (scale (xyz 1 1 1))
      (rotate (xyz 0 0 0))
    )
  )

  (module Resistor_SMD:R_0805_2012Metric_Pad1.15x1.40mm_HandSolder (layer B.Cu) (tedit 5B36C52B) (tstamp 5D08C342)
    (at 208.1 101.1 90)
    (descr "Resistor SMD 0805 (2012 Metric), square (rectangular) end terminal, IPC_7351 nominal with elongated pad for handsoldering. (Body size source: https://docs.google.com/spreadsheets/d/1BsfQQcO9C6DZCsRaXUlFlo91Tg2WpOkGARC1WS5S8t0/edit?usp=sharing), generated with kicad-footprint-generator")
    (tags "resistor handsolder")
    (path /5D0EE461)
    (attr smd)
    (fp_text reference R1 (at 2.4 0) (layer B.SilkS)
      (effects (font (size 1 1) (thickness 0.15)) (justify mirror))
    )
    (fp_text value "10 кОм" (at 0 -1.65 270) (layer B.Fab)
      (effects (font (size 1 1) (thickness 0.15)) (justify mirror))
    )
    (fp_line (start -1 -0.6) (end -1 0.6) (layer B.Fab) (width 0.1))
    (fp_line (start -1 0.6) (end 1 0.6) (layer B.Fab) (width 0.1))
    (fp_line (start 1 0.6) (end 1 -0.6) (layer B.Fab) (width 0.1))
    (fp_line (start 1 -0.6) (end -1 -0.6) (layer B.Fab) (width 0.1))
    (fp_line (start -0.261252 0.71) (end 0.261252 0.71) (layer B.SilkS) (width 0.12))
    (fp_line (start -0.261252 -0.71) (end 0.261252 -0.71) (layer B.SilkS) (width 0.12))
    (fp_line (start -1.85 -0.95) (end -1.85 0.95) (layer B.CrtYd) (width 0.05))
    (fp_line (start -1.85 0.95) (end 1.85 0.95) (layer B.CrtYd) (width 0.05))
    (fp_line (start 1.85 0.95) (end 1.85 -0.95) (layer B.CrtYd) (width 0.05))
    (fp_line (start 1.85 -0.95) (end -1.85 -0.95) (layer B.CrtYd) (width 0.05))
    (fp_text user %R (at 0 0 270) (layer B.Fab)
      (effects (font (size 0.5 0.5) (thickness 0.08)) (justify mirror))
    )
    (pad 1 smd roundrect (at -1.025 0 90) (size 1.15 1.4) (layers B.Cu B.Paste B.Mask) (roundrect_rratio 0.217391)
      (net 5 +5V))
    (pad 2 smd roundrect (at 1.025 0 90) (size 1.15 1.4) (layers B.Cu B.Paste B.Mask) (roundrect_rratio 0.217391)
      (net 2 /RESET))
    (model ${KISYS3DMOD}/Resistor_SMD.3dshapes/R_0805_2012Metric.wrl
      (at (xyz 0 0 0))
      (scale (xyz 1 1 1))
      (rotate (xyz 0 0 0))
    )
  )

  (module Resistor_SMD:R_0805_2012Metric_Pad1.15x1.40mm_HandSolder locked (layer B.Cu) (tedit 5B36C52B) (tstamp 5D08C353)
    (at 199 90.55 270)
    (descr "Resistor SMD 0805 (2012 Metric), square (rectangular) end terminal, IPC_7351 nominal with elongated pad for handsoldering. (Body size source: https://docs.google.com/spreadsheets/d/1BsfQQcO9C6DZCsRaXUlFlo91Tg2WpOkGARC1WS5S8t0/edit?usp=sharing), generated with kicad-footprint-generator")
    (tags "resistor handsolder")
    (path /5D0DD704)
    (attr smd)
    (fp_text reference R2 (at 2.55 0 180) (layer B.SilkS)
      (effects (font (size 1 1) (thickness 0.15)) (justify mirror))
    )
    (fp_text value "10 кОм" (at 0 -1.65 90) (layer B.Fab)
      (effects (font (size 1 1) (thickness 0.15)) (justify mirror))
    )
    (fp_text user %R (at 0 0 90) (layer B.Fab)
      (effects (font (size 0.5 0.5) (thickness 0.08)) (justify mirror))
    )
    (fp_line (start 1.85 -0.95) (end -1.85 -0.95) (layer B.CrtYd) (width 0.05))
    (fp_line (start 1.85 0.95) (end 1.85 -0.95) (layer B.CrtYd) (width 0.05))
    (fp_line (start -1.85 0.95) (end 1.85 0.95) (layer B.CrtYd) (width 0.05))
    (fp_line (start -1.85 -0.95) (end -1.85 0.95) (layer B.CrtYd) (width 0.05))
    (fp_line (start -0.261252 -0.71) (end 0.261252 -0.71) (layer B.SilkS) (width 0.12))
    (fp_line (start -0.261252 0.71) (end 0.261252 0.71) (layer B.SilkS) (width 0.12))
    (fp_line (start 1 -0.6) (end -1 -0.6) (layer B.Fab) (width 0.1))
    (fp_line (start 1 0.6) (end 1 -0.6) (layer B.Fab) (width 0.1))
    (fp_line (start -1 0.6) (end 1 0.6) (layer B.Fab) (width 0.1))
    (fp_line (start -1 -0.6) (end -1 0.6) (layer B.Fab) (width 0.1))
    (pad 2 smd roundrect (at 1.025 0 270) (size 1.15 1.4) (layers B.Cu B.Paste B.Mask) (roundrect_rratio 0.217391)
      (net 5 +5V))
    (pad 1 smd roundrect (at -1.025 0 270) (size 1.15 1.4) (layers B.Cu B.Paste B.Mask) (roundrect_rratio 0.217391)
      (net 20 /BR0))
    (model ${KISYS3DMOD}/Resistor_SMD.3dshapes/R_0805_2012Metric.wrl
      (at (xyz 0 0 0))
      (scale (xyz 1 1 1))
      (rotate (xyz 0 0 0))
    )
  )

  (module Resistor_SMD:R_0805_2012Metric_Pad1.15x1.40mm_HandSolder locked (layer B.Cu) (tedit 5B36C52B) (tstamp 5D08C364)
    (at 201.6 90.55 270)
    (descr "Resistor SMD 0805 (2012 Metric), square (rectangular) end terminal, IPC_7351 nominal with elongated pad for handsoldering. (Body size source: https://docs.google.com/spreadsheets/d/1BsfQQcO9C6DZCsRaXUlFlo91Tg2WpOkGARC1WS5S8t0/edit?usp=sharing), generated with kicad-footprint-generator")
    (tags "resistor handsolder")
    (path /5D109817)
    (attr smd)
    (fp_text reference R3 (at 2.55 0 180) (layer B.SilkS)
      (effects (font (size 1 1) (thickness 0.15)) (justify mirror))
    )
    (fp_text value "10 кОм" (at 0 -1.65 90) (layer B.Fab)
      (effects (font (size 1 1) (thickness 0.15)) (justify mirror))
    )
    (fp_line (start -1 -0.6) (end -1 0.6) (layer B.Fab) (width 0.1))
    (fp_line (start -1 0.6) (end 1 0.6) (layer B.Fab) (width 0.1))
    (fp_line (start 1 0.6) (end 1 -0.6) (layer B.Fab) (width 0.1))
    (fp_line (start 1 -0.6) (end -1 -0.6) (layer B.Fab) (width 0.1))
    (fp_line (start -0.261252 0.71) (end 0.261252 0.71) (layer B.SilkS) (width 0.12))
    (fp_line (start -0.261252 -0.71) (end 0.261252 -0.71) (layer B.SilkS) (width 0.12))
    (fp_line (start -1.85 -0.95) (end -1.85 0.95) (layer B.CrtYd) (width 0.05))
    (fp_line (start -1.85 0.95) (end 1.85 0.95) (layer B.CrtYd) (width 0.05))
    (fp_line (start 1.85 0.95) (end 1.85 -0.95) (layer B.CrtYd) (width 0.05))
    (fp_line (start 1.85 -0.95) (end -1.85 -0.95) (layer B.CrtYd) (width 0.05))
    (fp_text user %R (at 0 0 90) (layer B.Fab)
      (effects (font (size 0.5 0.5) (thickness 0.08)) (justify mirror))
    )
    (pad 1 smd roundrect (at -1.025 0 270) (size 1.15 1.4) (layers B.Cu B.Paste B.Mask) (roundrect_rratio 0.217391)
      (net 21 /BR1))
    (pad 2 smd roundrect (at 1.025 0 270) (size 1.15 1.4) (layers B.Cu B.Paste B.Mask) (roundrect_rratio 0.217391)
      (net 5 +5V))
    (model ${KISYS3DMOD}/Resistor_SMD.3dshapes/R_0805_2012Metric.wrl
      (at (xyz 0 0 0))
      (scale (xyz 1 1 1))
      (rotate (xyz 0 0 0))
    )
  )

  (module Resistor_SMD:R_0805_2012Metric_Pad1.15x1.40mm_HandSolder locked (layer B.Cu) (tedit 5B36C52B) (tstamp 5D08C375)
    (at 204.1 90.55 270)
    (descr "Resistor SMD 0805 (2012 Metric), square (rectangular) end terminal, IPC_7351 nominal with elongated pad for handsoldering. (Body size source: https://docs.google.com/spreadsheets/d/1BsfQQcO9C6DZCsRaXUlFlo91Tg2WpOkGARC1WS5S8t0/edit?usp=sharing), generated with kicad-footprint-generator")
    (tags "resistor handsolder")
    (path /5D109B0B)
    (attr smd)
    (fp_text reference R4 (at 2.55 0 180) (layer B.SilkS)
      (effects (font (size 1 1) (thickness 0.15)) (justify mirror))
    )
    (fp_text value "10 кОм" (at 0 -1.65 90) (layer B.Fab)
